8 8 0 12 4.98267 1690
8 136 0 136 4.98989 1532
8 152 12 156 4.96068 743
8 40 4 40 5.0049 1690
8 184 8 180 4.92398 743
8 200 8 200 4.78007 1156
8 216 8 216 4.57238 831
8 56 0 56 5.00543 1690
8 232 4 224 4.22008 1459
8 72 0 72 5.01876 1690
8 24 4 28 4.99277 1690
8 104 0 100 5.02001 1690
8 120 4 120 5.00961 1690
520 8 520 8 5.44911 24
520 136 520 136 5.34038 122
520 152 520 152 5.17652 509
520 40 520 40 5.44425 24
520 168 512 180 4.74175 662
520 200 524 200 4.6766 131
520 56 520 52 5.44447 24
520 232 520 232 4.6652 85
520 248 508 248 4.4758 45
520 264 532 268 4.52002 223
520 280 512 276 4.58377 138
520 72 524 72 5.39108 122
520 296 516 288 4.75718 76
520 312 516 304 4.71171 76
520 88 520 88 5.35291 39
520 24 520 24 5.44667 24
520 104 520 104 5.37608 39
520 120 520 120 5.36631 39
536 8 532 8 5.44749 24
536 136 536 136 5.35663 122
536 152 532 156 5.07507 417
536 40 536 40 5.44155 24
536 168 544 180 4.60266 116
536 184 540 192 4.63277 116
536 200 544 200 4.64781 188
536 216 556 220 4.55763 21
536 56 536 56 5.44301 24
536 232 560 236 4.60318 21
536 248 524 244 4.44869 15
536 72 536 72 5.36918 122
536 296 532 288 4.82099 110
536 312 532 304 4.83788 110
536 328 528 320 4.73798 19
536 88 536 88 5.33088 24
536 24 536 24 5.44868 24
536 104 536 104 5.35565 24
536 120 536 120 5.37546 24
136 8 132 8 4.70085 2129
136 168 100 176 4.26221 986
136 200 100 196 4.19783 427
136 248 124 260 4.44006 666
136 280 144 280 4.89501 1078
136 296 132 284 4.93235 932
136 328 124 324 5.03973 650
136 344 140 344 5.13828 873
136 88 100 104 4.23764 2417
136 360 140 360 5.12166 873
136 376 136 380 5.10427 873
136 24 128 24 4.62619 2129
136 392 136 396 5.10255 873
136 104 100 120 4.30911 2417
136 120 100 136 4.29048 2417
552 8 548 8 5.44557 24
552 136 552 136 5.30893 122
552 152 548 156 4.67733 421
552 40 552 40 5.45269 24
552 200 560 200 4.63291 11
552 56 552 56 5.44616 24
552 72 552 72 5.36295 122
552 312 548 304 4.8858 22
552 328 548 320 4.87866 22
552 344 524 340 4.70887 105
552 88 556 88 5.3271 24
552 24 552 24 5.44381 24
552 104 552 104 5.31823 43
552 120 552 120 5.29899 43
568 8 564 8 5.42173 24
568 136 572 136 5.31352 122
568 40 568 40 5.45077 24
568 200 580 200 4.63862 11
568 216 576 216 4.51662 76
568 56 564 60 5.43744 24
568 232 580 232 4.52082 11
568 72 572 76 5.36644 122
568 312 564 304 4.87265 22
568 328 564 320 4.88058 22
568 344 564 336 4.79313 110
568 88 568 88 5.35437 24
568 360 556 352 4.76646 23
568 24 568 24 5.44576 24
568 104 572 104 5.30984 24
568 120 572 120 5.30209 24
584 8 592 8 5.4223 39
584 136 584 136 5.2995 151
584 152 580 144 4.86535 398
584 40 588 44 5.43334 39
584 184 608 184 4.50324 180
584 200 592 196 4.58028 19
584 56 584 60 5.41855 39
584 248 556 244 4.4286 7
584 264 548 260 4.15416 22
584 72 588 72 5.34673 151
584 296 576 288 4.82378 110
584 312 576 304 4.86378 22
584 328 576 320 4.87596 22
584 88 584 88 5.26428 39
584 24 592 24 5.43774 39
584 104 584 104 5.22613 39
584 120 584 120 5.2871 151
600 136 604 136 5.16122 169
600 40 604 40 5.41403 54
600 216 592 216 4.41813 37
600 232 592 232 4.44421 37
600 248 564 244 4.35938 7
600 72 600 72 5.31567 169
600 344 588 340 4.82387 22
600 88 600 88 5.24108 54
600 360 588 352 4.80271 22
600 104 604 104 5.18178 54
600 120 600 120 5.23234 54
152 152 132 156 4.23837 2003
152 168 112 176 4.26264 986
152 200 112 204 4.26422 427
152 280 164 280 4.89308 1078
152 344 156 344 5.13876 834
152 360 156 360 5.13773 834
152 376 156 376 5.09558 873
616 8 620 8 5.35375 78
616 136 624 136 4.79395 255
616 40 620 40 5.37383 78
616 168 596 164 4.39345 276
616 184 584 172 4.47731 276
616 216 608 216 4.45599 37
616 56 620 56 5.35259 78
616 232 608 228 4.46194 37
616 264 568 260 4.31929 11
616 72 620 72 5.23916 255
616 312 596 304 4.77153 23
616 328 596 320 4.81834 23
616 88 620 88 5.2396 78
616 24 612 24 5.37974 78
616 104 624 104 5.2083 78
616 120 620 120 5.13465 78
632 8 644 8 5.34477 109
632 136 640 132 4.50009 245
632 40 636 40 5.35174 109
632 168 624 168 4.48911 256
632 200 636 200 4.46807 29
632 56 636 56 5.34529 109
632 248 588 244 4.37632 4
632 264 580 264 4.3087 21
632 72 636 72 5.24731 245
632 296 608 292 4.41024 174
632 344 628 344 4.7355 23
632 88 632 88 5.19332 109
632 24 640 24 5.35714 109
632 120 644 116 4.89368 109
40 8 36 8 4.96924 1690
40 136 28 140 4.96529 1532
40 152 32 160 4.87129 743
40 184 40 184 4.85458 743
40 200 40 200 4.60338 1156
40 216 40 216 4.51296 831
40 232 52 228 4.36072 1459
40 88 20 92 4.96665 1532
40 24 28 28 4.98816 1690
40 408 0 372 4.67821 758
648 40 652 40 5.29768 292
648 56 652 56 5.3078 292
648 72 652 72 5.20388 439
648 296 636 296 4.52591 127
648 88 648 88 5.13339 292
648 360 640 360 4.75159 11
648 104 648 104 4.96221 29
664 8 676 8 5.26253 43
664 40 668 40 5.28274 293
664 56 668 56 5.28187 293
664 232 604 240 4.43137 38
664 280 644 280 4.4906 151
664 72 668 72 5.11937 138
664 296 660 292 4.67108 131
664 312 652 308 4.80457 23
664 328 644 324 4.77256 186
664 344 656 344 4.76624 11
664 88 668 88 5.12313 174
664 360 656 364 4.75883 11
664 376 628 388 4.62555 78
664 24 668 24 5.2925 293
664 104 664 104 4.89374 19
664 120 660 124 4.73815 293
168 8 100 4 4.57051 1367
168 40 108 52 4.24485 1367
168 232 108 224 4.50353 552
168 72 108 72 4.18461 618
168 312 188 316 5.04847 1427
168 328 188 324 5.10778 587
168 344 180 344 5.13702 834
168 88 108 92 4.20512 618
168 360 176 360 5.13924 834
168 392 160 392 5.09195 873
168 120 116 132 4.08178 1322
680 8 688 8 5.29392 62
680 40 684 40 5.30762 62
680 168 672 212 4.44784 772
680 56 684 56 5.29303 62
680 232 628 240 4.43451 58
680 248 628 256 4.3965 58
680 280 632 284 4.44702 22
680 72 684 72 5.10741 198
680 296 676 292 4.62004 89
680 312 668 308 4.8093 23
680 328 668 324 4.78012 23
680 88 684 88 5.1137 13
680 376 640 388 4.6536 78
680 24 684 24 5.29434 62
680 104 684 104 5.13478 13
696 8 708 8 5.28027 43
696 136 708 148 4.45887 780
696 40 700 40 5.31664 43
696 200 724 196 4.50299 176
696 56 700 56 5.31218 43
696 232 640 240 4.3191 0
696 248 652 256 4.27892 22
696 72 700 72 5.1956 780
696 312 688 308 4.78361 11
696 328 692 328 4.62839 11
696 344 696 340 4.62254 21
696 88 700 88 5.11991 43
696 24 700 24 5.29389 43
696 104 696 104 5.1505 21
696 120 696 124 4.52484 43
712 8 724 8 5.31432 24
712 136 724 148 4.69422 122
712 40 716 40 5.3297 24
712 168 732 188 4.58705 376
712 184 740 200 4.58439 98
712 216 716 216 4.39951 11
712 56 716 56 5.33745 24
712 232 716 232 4.49224 11
712 248 688 252 4.45774 0
712 264 684 276 4.33975 29
712 72 712 72 5.22563 24
712 296 708 292 4.72799 76
712 312 716 304 4.77763 76
712 328 708 320 4.74153 22
712 344 704 340 4.6837 76
712 88 716 88 5.2116 24
712 360 712 352 4.55305 21
712 24 716 24 5.32121 24
712 104 712 104 5.14929 11
712 120 716 124 4.71484 24
728 8 736 8 5.32955 24
728 136 728 136 4.82968 151
728 40 728 44 5.32564 24
728 168 744 188 4.5829 376
728 56 728 56 5.32533 24
728 248 704 256 4.41413 0
728 280 704 284 4.59885 230
728 72 736 72 5.26717 39
728 296 732 288 4.77707 76
728 312 740 300 4.76668 21
728 88 732 88 5.23452 39
728 24 732 24 5.32289 24
728 104 728 104 5.1817 39
728 120 728 120 5.11981 39
184 40 116 52 4.32797 631
184 216 116 216 4.40409 834
184 56 116 64 4.40148 631
184 232 112 224 4.4493 573
184 312 200 308 5.05081 1427
184 328 196 324 5.1015 587
184 344 196 344 5.10488 873
184 88 116 80 4.09175 618
184 376 172 376 5.09847 873
744 136 740 140 4.92233 169
744 40 748 40 5.2959 54
744 216 764 216 4.44008 105
744 56 748 56 5.29855 54
744 232 716 240 4.47194 19
744 248 720 256 4.43094 0
744 72 756 68 5.29735 54
744 312 752 304 4.74876 21
744 328 748 316 4.75358 21
744 344 744 352 4.65569 21
744 88 748 88 5.2832 54
744 24 748 24 5.31064 54
744 104 748 104 5.27029 54
744 120 744 120 5.26716 54
760 8 760 8 5.33178 54
760 136 760 140 5.12404 255
760 152 764 152 4.82985 561
760 40 764 40 5.3213 78
760 216 780 212 4.50007 105
760 56 764 52 5.33175 78
760 248 764 244 4.41593 21
760 72 772 76 5.33174 78
760 296 768 284 4.73579 76
760 376 748 400 4.46938 24
760 24 764 24 5.31394 54
760 104 764 104 5.28289 78
760 120 760 120 5.29021 78
776 136 780 136 5.21405 122
776 152 792 164 4.96867 360
776 40 780 40 5.30436 78
776 168 792 180 4.8923 376
776 184 760 180 4.74239 256
776 56 772 52 5.33418 78
776 232 780 228 4.44879 11
776 248 776 248 4.37455 0
776 264 772 264 4.51729 39
776 280 764 284 4.71239 230
776 296 764 300 4.7036 230
776 312 788 332 4.63241 24
776 24 780 24 5.32089 54
776 104 784 100 5.30268 24
776 120 780 120 5.28847 24
792 8 796 8 5.34223 39
792 136 804 136 5.25334 151
792 152 788 152 5.08892 370
792 40 796 40 5.31632 39
792 216 800 216 4.76833 110
792 232 796 232 4.56843 19
792 248 792 248 4.62348 4
792 72 804 68 5.35686 39
792 88 812 80 5.35775 24
792 24 796 24 5.33248 39
792 104 800 96 5.34934 39
200 40 128 48 4.45587 631
200 200 128 200 4.22898 504
200 216 128 216 4.35103 834
200 56 128 68 4.46065 631
200 248 132 236 4.34309 573
200 72 128 84 4.2205 1013
200 312 212 316 5.0414 1476
200 392 180 392 5.09345 912
200 104 132 116 4.02884 1367
200 120 132 132 4.04188 1322
808 136 816 136 5.25766 151
808 152 812 148 5.12365 370
808 40 812 44 5.35712 24
808 168 812 168 5.04033 376
808 184 812 188 4.91971 98
808 200 812 200 4.84969 180
808 232 808 232 4.83181 11
808 248 808 248 4.52405 4
808 264 808 288 4.67348 24
808 72 788 60 5.36908 54
808 88 780 84 5.36044 54
808 24 816 24 5.3408 39
808 104 816 92 5.35073 39
808 120 820 116 5.3449 39
824 8 828 8 5.33689 24
824 152 816 156 5.1338 370
824 40 808 48 5.35822 54
824 168 816 164 5.07104 118
824 184 816 176 5.06006 118
824 200 824 200 4.79418 11
824 216 824 216 4.82983 11
824 232 824 232 4.83643 11
824 248 820 268 4.34535 284
824 72 796 68 5.35654 54
824 296 828 300 4.63826 24
824 104 816 104 5.35419 54
216 8 212 8 4.64943 537
216 376 204 380 5.1316 513
216 392 192 396 5.11777 764
56 8 48 8 4.9813 1690
56 136 44 148 4.93753 1532
56 184 56 184 4.84863 743
56 200 56 200 4.6358 1156
56 216 56 216 4.49666 831
56 56 44 68 4.84385 1690
56 88 44 92 4.91207 1532
56 376 20 364 4.94663 1277
56 24 44 28 4.96844 1690
56 104 44 108 4.98865 1690
56 120 44 132 4.9846 1690
232 8 228 8 5.22825 326
232 40 228 40 5.20383 326
232 56 232 56 5.20876 326
232 312 232 312 5.02986 1096
232 328 212 328 5.16491 326
232 344 212 344 5.17868 326
232 360 220 360 5.19285 445
232 376 224 372 5.1773 326
232 24 228 24 5.19431 326
232 104 228 76 4.02869 311
248 8 252 8 5.28997 273
248 40 244 40 5.27717 273
248 168 148 140 4.44481 158
248 184 152 188 4.34709 158
248 200 148 200 4.41739 158
248 216 152 216 4.35014 281
248 56 248 56 5.27534 273
248 232 220 236 4.38323 368
248 72 248 76 4.19776 368
248 312 248 312 5.06365 855
248 328 236 328 5.16871 273
248 344 236 344 5.19674 368
248 88 252 88 4.10524 281
248 360 240 360 5.19718 368
248 376 244 372 5.17863 326
248 24 248 24 5.28297 273
248 392 236 400 5.14263 396
248 408 268 404 5.08075 281
264 8 264 8 5.32512 203
264 152 260 144 4.41898 526
264 40 264 40 5.3252 203
264 168 168 168 4.33695 154
264 184 164 184 4.44351 158
264 200 164 200 4.36297 158
264 216 236 224 4.44251 253
264 56 264 56 5.32558 203
264 72 268 68 4.54864 253
264 312 264 312 5.11835 593
264 328 256 328 5.14811 273
264 344 256 344 5.19883 368
264 88 264 88 4.6725 127
264 360 260 360 5.19141 368
264 24 260 24 5.32425 203
264 392 276 384 5.16756 253
264 120 252 112 4.50079 153
280 8 280 8 5.33803 112
280 136 292 136 4.55699 230
280 40 280 40 5.34447 112
280 168 188 164 4.38418 154
280 184 188 180 4.37338 154
280 216 300 208 4.50003 250
280 56 280 56 5.35119 112
280 232 252 236 4.5912 131
280 248 260 252 4.70273 85
280 72 280 72 4.91684 250
280 312 280 312 5.1419 662
280 328 276 328 5.17537 273
280 344 276 344 5.19497 253
280 88 284 84 5.05588 131
280 360 276 360 5.17866 253
280 376 276 372 5.16469 273
280 24 284 24 5.34279 112
280 408 336 404 5.13877 263
280 104 272 100 4.77935 85
72 40 52 52 4.66611 1367
72 168 76 168 4.50682 513
72 184 76 184 4.62846 513
72 200 76 196 4.5471 1013
72 216 76 216 4.457 618
72 56 56 68 4.56946 513
72 88 56 92 4.6216 1318
72 392 56 400 4.96211 1049
72 104 56 108 4.69178 1322
72 120 56 128 4.69243 1322
296 8 296 8 5.38227 62
296 136 300 148 4.72216 171
296 40 296 40 5.395 62
296 200 316 204 4.57844 116
296 216 316 212 4.601 188
296 56 296 56 5.40151 62
296 232 308 228 4.7156 89
296 248 276 252 4.88695 22
296 72 296 72 5.30906 171
296 296 296 296 4.90592 89
296 312 296 312 5.16841 22
296 328 300 324 5.19956 116
296 344 292 344 5.19993 253
296 88 300 84 5.10177 89
296 360 292 360 5.19297 253
296 24 296 24 5.39415 62
312 8 312 8 5.42512 43
312 136 324 144 4.7345 194
312 152 312 156 4.63771 421
312 40 316 40 5.41481 43
312 200 332 204 4.47806 116
312 56 312 56 5.41994 43
312 248 308 248 5.03194 21
312 264 308 264 4.97317 21
312 72 312 72 5.3221 194
312 312 308 312 5.17978 22
312 328 308 328 5.20028 116
312 344 308 344 5.19494 253
312 376 304 368 5.18888 253
312 24 312 24 5.43004 43
312 392 300 380 5.18774 253
312 104 312 104 4.92633 43
312 120 312 120 4.95367 43
328 8 324 8 5.46699 24
328 152 316 140 4.74588 360
328 40 332 40 5.45583 24
328 168 332 172 4.65973 98
328 56 328 56 5.43287 24
328 232 340 228 4.86861 76
328 248 328 248 5.17512 11
328 264 332 260 5.15824 11
328 280 320 292 5.15775 11
328 72 328 72 5.38906 122
328 296 316 300 5.11107 11
328 312 324 312 5.19569 11
328 328 324 328 5.19059 11
328 88 328 88 5.3398 24
328 360 320 368 5.19047 445
328 24 328 24 5.46849 24
328 104 328 104 5.22139 24
328 120 324 120 5.14585 24
344 8 344 8 5.46601 39
344 136 332 128 5.05531 122
344 40 348 40 5.46739 39
344 168 340 168 4.72806 118
344 200 348 196 4.61424 4
344 216 340 220 4.62411 4
344 56 344 56 5.45978 39
344 232 352 228 4.85095 76
344 248 344 248 5.15854 11
344 264 340 268 5.17182 11
344 72 344 72 5.41445 39
344 296 336 300 5.15739 11
344 312 336 316 5.19097 11
344 328 336 332 5.18745 11
344 344 340 356 5.17994 445
344 88 344 88 5.4116 39
344 24 344 24 5.46984 39
344 392 372 380 5.18299 131
344 104 344 104 5.29031 39
344 120 340 120 5.28955 39
88 152 92 156 4.27829 832
88 40 64 52 4.6204 1110
88 168 88 168 4.39823 482
88 184 92 180 4.4667 482
88 200 92 204 4.3531 832
88 216 92 216 4.42865 510
88 56 64 64 4.46667 482
88 72 64 80 4.61002 1017
88 88 64 96 4.59098 1017
88 360 44 332 4.98834 618
88 376 76 364 4.99305 573
88 24 60 36 4.86351 510
360 8 356 8 5.45867 39
360 136 356 148 4.96089 151
360 152 348 140 4.92972 370
360 40 360 40 5.46339 39
360 168 356 160 4.82361 128
360 184 348 180 4.8046 128
360 200 364 200 4.75697 2
360 216 364 216 4.76171 2
360 56 364 60 5.45894 39
360 248 356 252 5.15696 11
360 264 356 264 5.13382 11
360 280 360 276 5.1777 11
360 72 360 72 5.42613 54
360 296 364 288 5.18151 11
360 312 368 300 5.16987 11
360 328 364 316 5.17179 11
360 344 368 352 5.17062 11
360 88 360 88 5.42344 54
360 360 364 332 5.16315 89
360 24 360 24 5.4684 39
360 392 392 376 5.17808 131
360 104 360 104 5.37928 54
360 120 360 120 5.27623 54
376 8 368 8 5.44977 39
376 136 376 136 5.29128 255
376 152 376 152 4.9511 561
376 40 372 40 5.46456 39
376 168 368 160 4.97863 195
376 184 364 180 4.97768 195
376 200 372 200 4.91649 276
376 248 372 252 5.1508 11
376 264 372 268 5.14931 11
376 280 376 276 5.175 11
376 72 380 72 5.43759 78
376 312 384 300 5.18456 11
376 328 388 316 5.17278 11
376 88 376 88 5.43429 78
376 376 396 360 5.17659 131
376 24 372 24 5.46409 39
376 392 392 384 5.17788 253
376 408 400 392 5.16403 127
376 104 376 104 5.39559 78
376 120 376 120 5.41656 78
24 8 28 8 4.96665 831
24 152 24 156 4.95825 743
24 168 20 172 4.84092 743
24 184 24 184 4.86774 743
24 200 24 196 4.6903 1156
24 216 20 212 4.49004 831
24 56 16 52 5.00073 1690
24 232 16 224 4.04049 1459
24 248 28 260 4.12674 1199
24 264 36 276 3.75714 1429
24 88 12 92 5.01578 1690
24 120 20 124 5.00647 1690
392 8 384 8 5.45721 24
392 136 392 136 5.37131 122
392 152 392 152 5.23046 581
392 40 388 40 5.46165 39
392 168 392 168 5.03682 256
392 184 392 184 5.10191 256
392 200 392 200 4.96168 307
392 216 388 220 4.83655 29
392 56 388 56 5.45926 39
392 232 388 236 5.07162 89
392 248 388 252 5.13566 22
392 264 388 268 5.06058 22
392 280 396 276 5.1413 22
392 72 392 72 5.45425 24
392 312 408 300 5.14307 21
392 344 412 320 5.15574 250
392 88 392 88 5.4547 24
392 360 416 340 5.16369 131
392 376 416 356 5.17128 131
392 24 388 24 5.46234 24
392 104 396 104 5.45318 24
392 120 392 120 5.44296 24
408 8 408 8 5.47055 39
408 136 408 136 5.36844 122
408 152 408 152 5.26539 370
408 40 408 40 5.46281 24
408 168 408 168 5.12992 118
408 184 408 184 5.14694 118
408 200 408 200 5.03847 276
408 216 408 216 4.96111 7
408 56 412 56 5.45662 24
408 248 412 248 5.1418 22
408 264 412 264 5.1247 22
408 280 412 272 5.14682 22
408 72 404 68 5.44963 24
408 296 416 288 5.15432 22
408 88 408 84 5.45631 24
408 24 404 24 5.46892 39
408 408 416 384 5.14353 89
408 104 408 104 5.45278 24
408 120 408 120 5.4488 24
104 152 100 152 4.06815 959
104 168 132 160 4.26916 2507
104 312 128 300 4.89334 1164
104 24 68 36 4.78826 2507
104 408 76 392 4.98391 522
104 120 64 144 4.47625 3124
424 8 428 8 5.472 39
424 136 424 136 5.33399 255
424 152 424 152 5.23863 370
424 40 420 40 5.45533 39
424 168 424 168 5.133 118
424 184 428 180 5.11473 118
424 200 428 200 5.02134 276
424 216 424 216 4.92551 7
424 56 424 56 5.45562 39
424 232 424 232 5.02324 93
424 248 424 244 4.99165 21
424 72 428 72 5.44672 24
424 312 436 292 5.09026 11
424 88 420 88 5.4414 24
424 360 428 332 5.09798 93
424 376 436 340 5.09906 93
424 24 424 24 5.4717 39
424 408 436 388 5.07774 93
424 104 424 104 5.4298 39
424 120 424 120 5.4031 39
440 8 432 8 5.45798 24
440 136 440 136 5.35954 151
440 152 440 152 5.25056 370
440 40 440 40 5.45784 24
440 168 444 168 4.94948 470
440 184 444 180 4.99161 256
440 200 452 200 4.89055 307
440 216 436 216 4.92409 29
440 56 440 56 5.45884 24
440 232 440 232 4.95996 76
440 248 436 244 4.95423 11
440 72 440 72 5.44586 24
440 312 452 292 5.06838 11
440 88 440 88 5.44149 24
440 24 436 24 5.46656 24
440 392 448 348 5.05069 76
440 408 444 356 5.07663 76
440 104 440 104 5.38929 24
440 120 440 120 5.40706 24
456 136 456 136 5.34735 151
456 152 456 152 5.25743 370
456 40 456 36 5.45437 39
456 168 456 168 5.12436 470
456 184 460 184 4.96193 128
456 200 464 200 4.8171 180
456 56 460 48 5.45226 39
456 232 452 232 4.85725 4
456 248 460 252 4.86599 4
456 280 480 300 4.89513 151
456 72 456 72 5.42515 39
456 88 456 88 5.43154 39
456 24 456 24 5.45024 54
456 104 456 104 5.39163 39
456 120 456 120 5.39719 39
472 8 476 8 5.45355 54
472 136 472 136 5.28258 122
472 152 472 152 5.21613 398
472 40 472 40 5.44666 54
472 168 472 168 5.13074 470
472 184 476 184 4.93247 128
472 200 480 200 4.79576 198
472 216 460 216 4.78937 13
472 56 472 52 5.43516 54
472 232 468 228 4.76782 2
472 248 464 244 4.81703 2
472 72 472 72 5.39766 54
472 296 500 308 4.888 394
472 312 488 312 4.95822 279
472 328 488 328 4.95097 326
472 344 488 344 5.02352 326
472 88 472 88 5.36608 54
472 360 488 372 4.98157 445
472 24 472 24 5.44817 54
472 104 472 104 5.37947 54
472 120 472 120 5.38184 54
120 232 76 224 4.40292 552
120 248 72 244 4.2588 552
120 280 92 268 4.88826 841
120 296 92 288 4.93884 463
120 344 120 344 5.0928 826
120 88 80 100 4.51357 3124
120 24 80 36 4.77292 2507
120 392 124 396 5.08712 826
120 104 80 124 4.49754 3124
120 120 80 140 4.50475 3124
488 8 488 8 5.4528 78
488 136 488 136 5.34814 122
488 152 488 152 5.24915 581
488 40 488 40 5.43727 24
488 168 492 164 5.01225 681
488 184 488 180 4.8406 195
488 200 500 200 4.73527 276
488 216 480 216 4.74143 7
488 56 492 56 5.44325 24
488 232 476 220 4.69468 7
488 72 492 72 5.3712 255
488 88 488 88 5.35953 78
488 24 488 24 5.44546 78
488 104 488 104 5.33192 78
488 120 488 120 5.35091 78
504 8 500 8 5.44709 24
504 136 504 136 5.3555 122
504 152 500 152 5.25872 581
504 40 504 40 5.43756 24
504 168 496 172 4.78908 772
504 56 504 56 5.4461 24
504 232 504 232 4.62203 85
504 248 488 244 4.55286 6
504 72 508 72 5.35853 151
504 88 504 88 5.33768 39
504 24 504 24 5.44079 24
504 392 496 356 4.90034 203
504 104 504 104 5.36617 39
504 120 504 120 5.36727 39
